12-Jul-2011 - 2011 7 12 23 16 12
 HAHA 
32768 32768
32768 32768
32768 32768
32768 32768
32768 32768
32768 32768
32768 32768
32768 32768
32768 32768
32768 32768
32768 32768
32768 32768
32768 32768
32768 32768
32768 32768
32768 32768
32768 32768
32768 32768
32768 32768
32768 32768
32768 32768
32768 32768
32768 32768
32768 32768
32768 32768
32768 32768
32768 32768
32768 32768
32768 32768
32768 32768
32768 32768
32768 32768
32768 32768
32768 32768
32768 32768
32768 32768
32768 32768
32768 32768
32768 32768
32768 32768
32768 32768
32768 32768
32768 32768
32768 32768
32768 32768
32768 32768
32768 32768
32768 32768
32768 32768
32768 32768
32768 32768
32768 32768
32768 32768
32768 32768
32768 32768
32768 32768
32768 32768
32768 32768
32768 32768
32768 32768
32768 32768
32768 32768
128 128
64 64
